camera:
  camera_matrix:
  - [13992.0, 0.0, 4751.5]
  - [0.0, 13992.0, 3167.5]
  - [0.0, 0.0, 1.0]
  height: 6336
  width: 9504
frames:
  DSC01478:
    C: [326.3246765136719, 186.75787353515625, 254.42416381835938]
    R:
    - [0.652813196182251, -0.7574847936630249, 0.007190818432718515]
    - [0.3388035297393799, 0.30045053362846375, 0.8915950059890747]
    - [-0.6775301098823547, -0.5796087384223938, 0.45277661085128784]
    bbox: [3727, 963, 6027, 4454]
    path: DSC01478.PNG
  DSC01479:
    C: [365.24151611328125, 133.807373046875, 254.78106689453125]
    R:
    - [0.5124907493591309, -0.8586799502372742, 0.004686655476689339]
    - [0.3859786093235016, 0.2352343648672104, 0.8920119404792786]
    - [-0.7670552134513855, -0.4553389251232147, 0.45198753476142883]
    bbox: [3692, 959, 5989, 4454]
    path: DSC01479.PNG
  DSC01480:
    C: [394.0985412597656, 75.31198120117188, 254.56715393066406]
    R:
    - [0.35796383023262024, -0.9337337613105774, 0.0017851126613095403]
    - [0.42216572165489197, 0.16354957222938538, 0.891643226146698]
    - [-0.8328493237495422, -0.31842240691185, 0.45273521542549133]
    bbox: [3657, 950, 5951, 4447]
    path: DSC01480.PNG
  DSC01481:
    C: [412.7204284667969, 12.603089332580566, 254.2257843017578]
    R:
    - [0.19257403910160065, -0.9812824130058289, -0.0002642968320287764]
    - [0.44497352838516235, 0.0870848000049591, 0.8912994861602783]
    - [-0.8745934963226318, -0.1717587560415268, 0.4534149467945099]
    bbox: [3622, 943, 5915, 4444]
    path: DSC01481.PNG
  DSC01482:
    C: [420.4697265625, -52.77732467651367, 254.0432586669922]
    R:
    - [0.020349550992250443, -0.9997900128364563, -0.0024116842541843653]
    - [0.4536581039428711, 0.007084059063345194, 0.8911476731300354]
    - [-0.8909434676170349, -0.019228534772992134, 0.4537069797515869]
    bbox: [3594, 936, 5879, 4437]
    path: DSC01482.PNG
  DSC01483:
    C: [416.4616394042969, -117.9716567993164, 253.3432159423828]
    R:
    - [-0.15141494572162628, -0.9884530901908875, -0.005828287452459335]
    - [0.449526309967041, -0.07410899549722672, 0.8901876211166382]
    - [-0.8803406357765198, 0.1321677416563034, 0.45555686950683594]
    bbox: [3562, 924, 5842, 4421]
    path: DSC01483.PNG
  DSC01484:
    C: [400.7276916503906, -183.08071899414062, 252.11920166015625]
    R:
    - [-0.32306671142578125, -0.9463409781455994, -0.008165029808878899]
    - [0.4317878782749176, -0.15507231652736664, 0.8885447382926941]
    - [-0.8421325087547302, 0.2835336923599243, 0.4587172567844391]
    bbox: [3538, 909, 5817, 4396]
    path: DSC01484.PNG
  DSC01485:
    C: [376.0066223144531, -240.7477569580078, 251.25765991210938]
    R:
    - [-0.4745614230632782, -0.8801695108413696, -0.009649952873587608]
    - [0.4016112983226776, -0.22626639902591705, 0.8874186873435974]
    - [-0.783262312412262, 0.4172591269016266, 0.460863322019577]
    bbox: [3519, 896, 5793, 4372]
    path: DSC01485.PNG
  DSC01486:
    C: [340.8616943359375, -295.2977600097656, 250.31739807128906]
    R:
    - [-0.6185111403465271, -0.7856799960136414, -0.012284457683563232]
    - [0.3572697043418884, -0.29510894417762756, 0.8861541152000427]
    - [-0.6998587846755981, 0.5437073111534119, 0.4632278382778168]
    bbox: [3515, 880, 5785, 4348]
    path: DSC01486.PNG
  DSC01487:
    C: [296.77044677734375, -343.0945739746094, 249.29298400878906]
    R:
    - [-0.7436351180076599, -0.6684524416923523, -0.013345267623662949]
    - [0.30260100960731506, -0.35430026054382324, 0.8848186135292053]
    - [-0.5961874127388, 0.6539438962936401, 0.4657445251941681]
    bbox: [3513, 866, 5778, 4323]
    path: DSC01487.PNG
  DSC01488:
    C: [245.10455322265625, -382.96954345703125, 248.0855712890625]
    R:
    - [-0.8470456600189209, -0.5313583016395569, -0.013113928027451038]
    - [0.23912487924098969, -0.40299487113952637, 0.8834106922149658]
    - [-0.4746924638748169, 0.7451533079147339, 0.4684160351753235]
    bbox: [3515, 853, 5774, 4297]
    path: DSC01488.PNG
  DSC01489:
    C: [187.46961975097656, -412.92669677734375, 246.63575744628906]
    R:
    - [-0.9254994988441467, -0.37850862741470337, -0.01348499208688736]
    - [0.16760887205600739, -0.4412325322628021, 0.8816014528274536]
    - [-0.33964377641677856, 0.813661515712738, 0.47180190682411194]
    bbox: [3530, 843, 5785, 4276]
    path: DSC01489.PNG
  DSC01490:
    C: [125.43090057373047, -432.74639892578125, 245.43475341796875]
    R:
    - [-0.9767515063285828, -0.2139412760734558, -0.013623252511024475]
    - [0.08982626348733902, -0.4661477208137512, 0.8801349401473999]
    - [-0.1946476399898529, 0.858449399471283, 0.474528044462204]
    bbox: [3553, 834, 5801, 4255]
    path: DSC01490.PNG
  DSC01491:
    C: [60.03623580932617, -441.6318359375, 243.7696075439453]
    R:
    - [-0.999075174331665, -0.041101597249507904, -0.012627797201275826]
    - [0.00858756061643362, -0.478505939245224, 0.8780423402786255]
    - [-0.042131420224905014, 0.8771218657493591, 0.4784163534641266]
    bbox: [3578, 823, 5824, 4230]
    path: DSC01491.PNG
  DSC01492:
    C: [-8.647111892700195, -438.81268310546875, 242.79513549804688]
    R:
    - [-0.9901459813117981, 0.13969245553016663, -0.0098443403840065]
    - [-0.07570329308509827, -0.4747962951660156, 0.8768337965011597]
    - [0.11781301349401474, 0.868938684463501, 0.4806928336620331]
    bbox: [3611, 814, 5855, 4209]
    path: DSC01492.PNG
  DSC01493:
    C: [-68.49859619140625, -426.0023193359375, 242.5521697998047]
    R:
    - [-0.9547408223152161, 0.29734110832214355, -0.007629862520843744]
    - [-0.14949512481689453, -0.4575257897377014, 0.876539409160614]
    - [0.2571403682231903, 0.8380085825920105, 0.48126959800720215]
    bbox: [3646, 809, 5886, 4197]
    path: DSC01493.PNG
  DSC01494:
    C: [-129.66419982910156, -401.6523742675781, 242.00131225585938]
    R:
    - [-0.8889912366867065, 0.45790335536003113, -0.004367064218968153]
    - [-0.2243029624223709, -0.4271165728569031, 0.8759335875511169]
    - [0.39922767877578735, 0.7796767950057983, 0.4824119806289673]
    bbox: [3687, 808, 5922, 4186]
    path: DSC01494.PNG
  DSC01495:
    C: [-185.32562255859375, -367.36126708984375, 241.93568420410156]
    R:
    - [-0.7971659898757935, 0.6037572026252747, -0.0018833082867786288]
    - [-0.2927118241786957, -0.38374775648117065, 0.875818133354187]
    - [0.5280588269233704, 0.6987237334251404, 0.48263755440711975]
    bbox: [3723, 805, 5957, 4180]
    path: DSC01495.PNG
  DSC01496:
    C: [-233.5128173828125, -324.7593994140625, 241.857666015625]
    R:
    - [-0.6833361387252808, 0.7301039099693298, 0.0001685848692432046]
    - [-0.3524835705757141, -0.3301069736480713, 0.8756624460220337]
    - [0.6393802165985107, 0.5983123779296875, 0.4829236567020416]
    bbox: [3759, 803, 5997, 4175]
    path: DSC01496.PNG
  DSC01497:
    C: [-276.4198913574219, -270.2744445800781, 241.12081909179688]
    R:
    - [-0.539149284362793, 0.842200517654419, 0.004033813253045082]
    - [-0.40614765882492065, -0.2641923427581787, 0.8747836947441101]
    - [0.7378090023994446, 0.470000684261322, 0.4844968914985657]
    bbox: [3801, 805, 6040, 4174]
    path: DSC01497.PNG
  DSC01498:
    C: [-306.2528381347656, -215.9536590576172, 241.49928283691406]
    R:
    - [-0.394946813583374, 0.9186750054359436, 0.0072941854596138]
    - [-0.44145098328590393, -0.19673481583595276, 0.8754521608352661]
    - [0.8056910634040833, 0.342536985874176, 0.4832497835159302]
    bbox: [3837, 811, 6074, 4182]
    path: DSC01498.PNG
  DSC01499:
    C: [-327.9232482910156, -151.88385009765625, 242.07020568847656]
    R:
    - [-0.22545205056667328, 0.9742038249969482, 0.009911522269248962]
    - [-0.4676457941532135, -0.11713707447052002, 0.8761200308799744]
    - [0.8546805381774902, 0.19288797676563263, 0.48199114203453064]
    bbox: [3873, 816, 6108, 4191]
    path: DSC01499.PNG
  DSC01500:
    C: [-337.35919189453125, -90.30586242675781, 242.08688354492188]
    R:
    - [-0.06245261803269386, 0.9979808330535889, 0.011574871838092804]
    - [-0.4803570806980133, -0.04022210091352463, 0.8761502504348755]
    - [0.8748466968536377, 0.04915780574083328, 0.48189911246299744]
    bbox: [3907, 823, 6142, 4201]
    path: DSC01500.PNG
  DSC01501:
    C: [-336.7228088378906, -25.674484252929688, 243.14784240722656]
    R:
    - [0.1082073450088501, 0.9940353035926819, 0.013599224388599396]
    - [-0.4780814051628113, 0.04003874585032463, 0.8774024248123169]
    - [0.8716245293617249, -0.10144292563199997, 0.47956231236457825]
    bbox: [3936, 829, 6173, 4217]
    path: DSC01501.PNG
  DSC01502:
    C: [-324.3883361816406, 39.23869705200195, 243.5507354736328]
    R:
    - [0.2789555788040161, 0.9601661562919617, 0.01626972295343876]
    - [-0.4635260999202728, 0.1197909489274025, 0.8779485821723938]
    - [0.841027557849884, -0.2524501085281372, 0.47847843170166016]
    bbox: [3964, 841, 6203, 4238]
    path: DSC01502.PNG
  DSC01503:
    C: [-300.24212646484375, 102.12909698486328, 243.96963500976562]
    R:
    - [0.4442903995513916, 0.8957014679908752, 0.018026340752840042]
    - [-0.43486833572387695, 0.19802646338939667, 0.878450334072113]
    - [0.7832595705986023, -0.39812615513801575, 0.4774934649467468]
    bbox: [3981, 854, 6226, 4256]
    path: DSC01503.PNG
  DSC01504:
    C: [-268.1595153808594, 156.3998260498047, 244.98106384277344]
    R:
    - [0.5864639282226562, 0.8097352385520935, 0.019721105694770813]
    - [-0.3951031565666199, 0.26473569869995117, 0.87966388463974]
    - [0.7070739269256592, -0.5236830115318298, 0.47518688440322876]
    bbox: [3989, 863, 6246, 4272]
    path: DSC01504.PNG
  DSC01505:
    C: [-224.76953125, 206.99745178222656, 245.92091369628906]
    R:
    - [0.7191282510757446, 0.6945613622665405, 0.020953422412276268]
    - [-0.34198465943336487, 0.3275093734264374, 0.8807860612869263]
    - [0.6048975586891174, -0.6405639052391052, 0.4730505645275116]
    bbox: [3995, 877, 6257, 4295]
    path: DSC01505.PNG
  DSC01506:
    C: [-175.98309326171875, 247.71385192871094, 247.2145233154297]
    R:
    - [0.8248701095581055, 0.5649133324623108, 0.021499983966350555]
    - [-0.281255304813385, 0.3770962953567505, 0.8824362754821777]
    - [0.4903924763202667, -0.7339422702789307, 0.46994033455848694]
    bbox: [3986, 892, 6254, 4318]
    path: DSC01506.PNG
  DSC01507:
    C: [-120.06488800048828, 280.1708679199219, 248.43275451660156]
    R:
    - [0.9089796543121338, 0.41629478335380554, 0.021323543041944504]
    - [-0.21165567636489868, 0.41687074303627014, 0.8839799761772156]
    - [0.359107106924057, -0.8080330491065979, 0.46703818440437317]
    bbox: [3980, 905, 6255, 4340]
    path: DSC01507.PNG
  DSC01508:
    C: [-55.373329162597656, 303.5532531738281, 249.5485076904297]
    R:
    - [0.9691888093948364, 0.24545639753341675, 0.020597510039806366]
    - [-0.13172651827335358, 0.4458281993865967, 0.8853729963302612]
    - [0.20813752710819244, -0.8608068227767944, 0.4644247889518738]
    bbox: [3957, 919, 6238, 4365]
    path: DSC01508.PNG
  DSC01509:
    C: [5.7403340339660645, 313.98828125, 250.25503540039062]
    R:
    - [0.9962730407714844, 0.08394022285938263, 0.019851170480251312]
    - [-0.056410979479551315, 0.45996761322021484, 0.8861419558525085]
    - [0.06525205820798874, -0.883959174156189, 0.4629884660243988]
    bbox: [3935, 929, 6226, 4386]
    path: DSC01509.PNG
  DSC01510:
    C: [71.27157592773438, 314.7034912109375, 251.5106658935547]
    R:
    - [0.995879054069519, -0.08872585743665695, 0.018778648227453232]
    - [0.024205220863223076, 0.45958659052848816, 0.8878030776977539]
    - [-0.08740150183439255, -0.8836899399757385, 0.4598402678966522]
    bbox: [3906, 940, 6200, 4405]
    path: DSC01510.PNG
  DSC01511:
    C: [136.11834716796875, 304.1244812011719, 252.8688201904297]
    R:
    - [0.965865433216095, -0.25844183564186096, 0.017658276483416557]
    - [0.10286049544811249, 0.44519323110580444, 0.889506995677948]
    - [-0.2377471625804901, -0.8573276996612549, 0.45658019185066223]
    bbox: [3867, 947, 6164, 4421]
    path: DSC01511.PNG
  DSC01512:
    C: [197.0289764404297, 282.29669189453125, 253.1696319580078]
    R:
    - [0.907818615436554, -0.41910040378570557, 0.014841190539300442]
    - [0.1791682243347168, 0.41960978507995605, 0.8898462653160095]
    - [-0.37916243076324463, -0.8051599264144897, 0.4560190439224243]
    bbox: [3832, 953, 6130, 4434]
    path: DSC01512.PNG
  DSC01513:
    C: [253.19422912597656, 251.05734252929688, 253.8385467529297]
    R:
    - [0.8237585425376892, -0.5668419599533081, 0.010586927644908428]
    - [0.24981354176998138, 0.37967613339424133, 0.8907520771026611]
    - [-0.5089352130889893, -0.7311198711395264, 0.4543662369251251]
    bbox: [3789, 959, 6088, 4445]
    path: DSC01513.PNG
  DSC01514:
    C: [304.2147216796875, 210.11839294433594, 254.47454833984375]
    R:
    - [0.7142072319984436, -0.6998863816261292, 0.008191551081836224]
    - [0.311661958694458, 0.32847464084625244, 0.8916115760803223]
    - [-0.6267175078392029, -0.6342424750328064, 0.45272690057754517]
    bbox: [3750, 961, 6050, 4451]
    path: DSC01514.PNG
  DSC01515:
    C: [180.29525756835938, 188.8691864013672, 767.9181518554688]
    R:
    - [0.33536413311958313, 0.6860480904579163, -0.6456538438796997]
    - [0.889707624912262, -0.4559818506240845, -0.022379569709300995]
    - [-0.3097599148750305, -0.5669378638267517, -0.763302206993103]
    bbox: [3265, 1994, 5969, 4267]
    path: DSC01515.PNG
  DSC01516:
    C: [198.42477416992188, 231.81497192382812, 723.0123291015625]
    R:
    - [0.21168681979179382, 0.6277283430099487, -0.749096691608429]
    - [0.9121655821800232, -0.40209946036338806, -0.07918309420347214]
    - [-0.3509168326854706, -0.6665381789207458, -0.6577113270759583]
    bbox: [3253, 1963, 6175, 4223]
    path: DSC01516.PNG
  DSC01517:
    C: [207.91067504882812, 269.3938293457031, 673.5869140625]
    R:
    - [0.08669795095920563, 0.5531748533248901, -0.8285415172576904]
    - [0.924178421497345, -0.35520315170288086, -0.14044566452503204]
    - [-0.3719915747642517, -0.7535438537597656, -0.5420275926589966]
    bbox: [3258, 1932, 6348, 4179]
    path: DSC01517.PNG
  DSC01518:
    C: [209.266357421875, 304.3883972167969, 615.0714111328125]
    R:
    - [-0.05138646811246872, 0.4549337923526764, -0.8890414237976074]
    - [0.9260625839233398, -0.3115462362766266, -0.21294844150543213]
    - [-0.37385493516921997, -0.8342506885528564, -0.40528789162635803]
    bbox: [3292, 1903, 6502, 4134]
    path: DSC01518.PNG
  DSC01519:
    C: [201.96206665039062, 330.39422607421875, 558.34375]
    R:
    - [-0.17663121223449707, 0.350754052400589, -0.9196591973304749]
    - [0.9177621603012085, -0.2789557874202728, -0.2826593816280365]
    - [-0.3556881844997406, -0.893954873085022, -0.2726364731788635]
    bbox: [3342, 1875, 6615, 4091]
    path: DSC01519.PNG
  DSC01520:
    C: [186.49185180664062, 350.0408630371094, 498.7585144042969]
    R:
    - [-0.30110305547714233, 0.23384089767932892, -0.9244757294654846]
    - [0.8988965749740601, -0.2540085017681122, -0.35702189803123474]
    - [-0.31831100583076477, -0.9385084509849548, -0.13371604681015015]
    bbox: [3393, 1850, 6698, 4046]
    path: DSC01520.PNG
  DSC01521:
    C: [163.4948272705078, 361.7683410644531, 439.0902404785156]
    R:
    - [-0.4165557324886322, 0.10915794968605042, -0.9025330543518066]
    - [0.8700257539749146, -0.24009686708450317, -0.4305911064147949]
    - [-0.2636978030204773, -0.9645921587944031, 0.005043499171733856]
    bbox: [3447, 1833, 6745, 4125]
    path: DSC01521.PNG
  DSC01522:
    C: [131.53770446777344, 365.3070983886719, 378.6203308105469]
    R:
    - [-0.5245434045791626, -0.025563906878232956, -0.8509998321533203]
    - [0.8303014636039734, -0.23641985654830933, -0.5046831965446472]
    - [-0.18829157948493958, -0.9713146686553955, 0.1452382206916809]
    bbox: [3528, 1819, 6753, 4278]
    path: DSC01522.PNG
  DSC01523:
    C: [95.84740447998047, 360.2607421875, 327.1548156738281]
    R:
    - [-0.6088062524795532, -0.14894984662532806, -0.7792104482650757]
    - [0.7864286303520203, -0.24248702824115753, -0.5680933594703674]
    - [-0.10433100908994675, -0.958652138710022, 0.26476603746414185]
    bbox: [3627, 1810, 6725, 4419]
    path: DSC01523.PNG
  DSC01524:
    C: [53.56490707397461, 347.1089782714844, 279.1898498535156]
    R:
    - [-0.679033637046814, -0.2724236845970154, -0.681688129901886]
    - [0.7340893149375916, -0.2584596574306488, -0.6279422640800476]
    - [-0.005122523754835129, -0.9268138408660889, 0.3754861056804657]
    bbox: [3728, 1803, 6642, 4556]
    path: DSC01524.PNG
  DSC01525:
    C: [7.96677303314209, 326.1784362792969, 238.35723876953125]
    R:
    - [-0.7286075949668884, -0.3869084119796753, -0.5651839375495911]
    - [0.6773627996444702, -0.284700870513916, -0.6783251762390137]
    - [0.10154136270284653, -0.8770674467086792, 0.46951255202293396]
    bbox: [3822, 1801, 6505, 4680]
    path: DSC01525.PNG
  DSC01526:
    C: [-41.5963020324707, 297.94482421875, 205.25033569335938]
    R:
    - [-0.7570919990539551, -0.49228841066360474, -0.4294925332069397]
    - [0.616098940372467, -0.31930166482925415, -0.7200475931167603]
    - [0.21733342111110687, -0.8097521662712097, 0.5450391173362732]
    bbox: [3903, 1801, 6316, 4787]
    path: DSC01526.PNG
  DSC01527:
    C: [-90.86493682861328, 262.9731140136719, 181.03367614746094]
    R:
    - [-0.763238251209259, -0.5812963843345642, -0.2820671796798706]
    - [0.5540626645088196, -0.3642532229423523, -0.7485547065734863]
    - [0.3323882818222046, -0.7276085019111633, 0.6000866293907166]
    bbox: [3973, 1807, 6155, 4874]
    path: DSC01527.PNG
  DSC01528:
    C: [-140.28721618652344, 223.50503540039062, 167.58763122558594]
    R:
    - [-0.7473291754722595, -0.6522650122642517, -0.12668666243553162]
    - [0.4912009537220001, -0.41393494606018066, -0.7664068341255188]
    - [0.4474603235721588, -0.6349868178367615, 0.6297388672828674]
    bbox: [4040, 1818, 6244, 4939]
    path: DSC01528.PNG
  DSC01529:
    C: [-190.50494384765625, 176.7271728515625, 163.82818603515625]
    R:
    - [-0.7049163579940796, -0.7081701159477234, 0.0398491695523262]
    - [0.4302036762237549, -0.47154343128204346, -0.7697867155075073]
    - [0.5639305710792542, -0.5254920125007629, 0.6370560526847839]
    bbox: [4104, 1840, 6319, 4982]
    path: DSC01529.PNG
  DSC01530:
    C: [-234.0804443359375, 131.47149658203125, 171.1644744873047]
    R:
    - [-0.6460705399513245, -0.7383677959442139, 0.19340594112873077]
    - [0.3752902150154114, -0.5279389023780823, -0.7618646621704102]
    - [0.664642870426178, -0.41963493824005127, 0.6181879639625549]
    bbox: [4162, 1863, 6379, 4995]
    path: DSC01530.PNG
  DSC01531:
    C: [-272.8756408691406, 84.24838256835938, 187.55850219726562]
    R:
    - [-0.568608283996582, -0.7487314939498901, 0.34071359038352966]
    - [0.3278622031211853, -0.5861414074897766, -0.7409079670906067]
    - [0.7544474601745605, -0.3095792829990387, 0.5787656307220459]
    bbox: [4218, 1892, 6421, 4984]
    path: DSC01531.PNG
  DSC01532:
    C: [-307.3330078125, 35.71168518066406, 213.9296417236328]
    R:
    - [-0.47267618775367737, -0.7369940876960754, 0.48313239216804504]
    - [0.28522515296936035, -0.6466801762580872, -0.7074258923530579]
    - [0.8338008522987366, -0.1965818554162979, 0.5158795714378357]
    bbox: [3932, 1925, 6455, 4945]
    path: DSC01532.PNG
  DSC01533:
    C: [-335.12799072265625, -11.517522811889648, 249.2645721435547]
    R:
    - [-0.36248084902763367, -0.7035750150680542, 0.6112199425697327]
    - [0.2510147988796234, -0.7052879333496094, -0.6629936099052429]
    - [0.8975517749786377, -0.08689722418785095, 0.4322611093521118]
    bbox: [3677, 1960, 6484, 4877]
    path: DSC01533.PNG
  DSC01534:
    C: [-355.63201904296875, -56.47429656982422, 293.4210510253906]
    R:
    - [-0.2386791706085205, -0.6512628197669983, 0.7203395366668701]
    - [0.22648192942142487, -0.758653998374939, -0.6108600497245789]
    - [0.9443188905715942, 0.017344310879707336, 0.32857418060302734]
    bbox: [3459, 1997, 6506, 4790]
    path: DSC01534.PNG
  DSC01535:
    C: [-367.7241516113281, -96.20165252685547, 343.11199951171875]
    R:
    - [-0.11160951107740402, -0.5778916478157043, 0.8084457516670227]
    - [0.2108433097600937, -0.8087775707244873, -0.5490209460258484]
    - [0.9711273908615112, 0.10917942225933075, 0.21211184561252594]
    bbox: [3286, 2032, 6520, 4678]
    path: DSC01535.PNG
  DSC01536:
    C: [-371.24053955078125, -132.02108764648438, 398.96527099609375]
    R:
    - [0.022196438163518906, -0.484676331281662, 0.8744118809700012]
    - [0.20704089105129242, -0.8534383177757263, -0.47830653190612793]
    - [0.9780804514884949, 0.1916557103395462, 0.08140452206134796]
    bbox: [3156, 2063, 6523, 4541]
    path: DSC01536.PNG
  DSC01537:
    C: [-366.5567626953125, -159.68846130371094, 455.56561279296875]
    R:
    - [0.14902620017528534, -0.3828481137752533, 0.9117118716239929]
    - [0.21301551163196564, -0.8879305720329285, -0.40768083930015564]
    - [0.9656167030334473, 0.25496387481689453, -0.05077233538031578]
    bbox: [3072, 2091, 6499, 4400]
    path: DSC01537.PNG
model_matrix:
- [0.019541966020273152, 0.0, 0.0, -0.8462251878588736]
- [0.0, 0.019541966020273152, 0.0, 1.1810924580439859]
- [0.0, 0.0, 0.019541966020273152, -8.396903387881217]
- [0.0, 0.0, 0.0, 1.0]
